R_0_start,k,x0,R_0_end,prob_I_to_C,prob_C_to_D,s
2.8137533789207527,0.06599397657497015,93.39946149534906,0.9377171874146166,0.055403668917221066,0.7999222287639147,0.0010302191117554467
2.5748362867406325,1.8436514130575592,99.29436821049768,1.2686892442459765,0.06067376594060122,0.7590957848490599,0.0010000138681121081
2.564412618677976,1.073738072387836,100.411471558685,1.2693259347728938,0.06168710755333498,0.7980488606228502,0.0010000707405914656
2.5834803246162252,0.5227445876187362,98.79112461293388,1.2619453401518639,0.06099776883701035,0.7999999947043637,0.0010000007274993162
2.5725862847496765,0.37878585879977317,99.84886773433432,1.249873119423834,0.059300276145989386,0.7958670433676388,0.001000625230983219
2.781983942780911,0.07072639301770052,94.94167077889895,0.9141334135326886,0.06087261146597294,0.7999999987855326,0.0010000881200700974
2.7700958485681517,0.0717650655356402,96.02918133636126,0.893197645142747,0.059698927450904805,0.7999201657857027,0.0010000000011068312
2.805531073958499,0.06560030384048404,94.551581459723,0.9074730035905691,0.06376750591853764,0.07448014048694829,0.0010004950364612697
2.8237709896806393,0.06754047333248078,91.98191308563912,0.9837747970597064,0.05470361354216744,0.799704056065244,0.0010000000001339604
2.6105983289028742,0.30145914435733656,97.82772822914576,1.2466576607863933,0.04470425310687961,0.7999999912711567,0.001007123026504669
2.57757211731548,0.6603012804660515,99.28360006988206,1.2654506707703135,0.05874392364656699,0.7998491131884384,0.001000007418307158
2.5705505992973863,0.31433225607211274,100.73792032073796,1.1954116564508805,0.0669063194835765,0.6750887611829601,0.003208702530691531
2.594170744044429,0.4428892466353538,97.84072178898472,1.273896338151982,0.06023657123169315,0.7629036482726399,0.0010000000000028992
2.5898376943867345,0.23713724494751082,99.99642049500382,1.1571929347161136,0.061641172137172705,0.7999665083967762,0.0010000023891640617
2.583154083048325,0.4539036419043649,99.38253714589165,1.262890971556784,0.055111162582938744,0.5245859485165599,0.0010000013980621925
2.5686472481186327,0.3478975224447499,100.59935092553859,1.2065478167777648,0.06564423380920167,0.7999999924968819,0.0010000000000072228
2.8227584199519162,0.06531882200562494,92.65847165191249,0.9593830877198926,0.05738608261631664,0.7999969210569949,0.0010161134281877543
2.576905941307778,0.3628745436119445,99.35200087719696,1.2340539312843923,0.07080810961307786,0.4252880124265264,0.0010027777586000537
2.578665377921248,0.28856585319163736,100.31990236185369,1.1849165078676767,0.058700535497312537,0.789065817288734,0.0010000000000045509
2.5784194765891817,0.7266795347647053,99.33547466943557,1.2455603495330312,0.06207307182494564,0.7999989826227178,0.0010000000000023096
2.584565588358745,0.6452336951055057,98.68372405424643,1.2779033848971328,0.05876666193107477,0.7930255985717702,0.0010001729524806856
2.7090045899530297,0.06844210884466333,105.07942766857462,0.5433284747909793,0.05707314653069332,0.7993850054538917,0.0010000018236585922
2.5866020611796765,0.4627761277408292,98.44018224978377,1.262393448420849,0.06056902159730284,0.7999486570374188,0.0010014270427166866
2.631339446333346,0.20014949053284098,96.57422033113386,1.2080805916302837,0.0595926771987477,0.7999999396090207,0.0010000000000293455
2.578143007867406,0.7009840462241812,99.37934469187692,1.244945650507022,0.06156227443210135,0.698740800600667,0.0010000001714763002
2.599725328671994,0.24916823100101046,98.7578900556765,1.201758625064301,0.055684189524637565,0.7999999999701356,0.0010000000000071063
2.703029285601165,0.09047324679725562,97.6147033712853,0.9716514899391124,0.05450309755794065,0.7994036268214649,0.001000000000021368
2.7474325078022175,0.07861505596317324,95.62365692103995,0.949177421296391,0.060187309346969524,0.799999994736662,0.0010267397830001543
2.600954401955995,0.25691653409035464,98.81609854657718,1.2053023811723698,0.052566069543738624,0.799999999813726,0.0010068280277089577
2.56719412909242,0.45631279856653345,100.41172897083491,1.2104963373696316,0.0615028271222014,0.7999982887823921,0.0010000000010548951
2.5999384140766666,0.4058584290007947,97.58450267493718,1.2686857663833853,0.05966947224367582,0.7997575589161998,0.0010000000512094837
2.5790517658760965,0.5740492419447271,98.98077713705217,1.2683697238178382,0.06151348397070772,0.7999589602679003,0.0010000302248355248
2.5884403360362724,0.33646672798584554,98.95445220684766,1.2263888621732109,0.059797735854200194,0.7999998803839957,0.0010000047589432456
2.6061131410256713,0.334121697478638,97.56639864915213,1.2670070640616473,0.04858460962744864,0.7999996227428146,0.0010027645315575937
2.769898810986777,0.07434355877918601,94.4826113716691,0.9600688682129108,0.06104038648620319,0.7999986093485089,0.001000015431810376
2.576751403178242,0.44223461479487997,99.17103883314046,1.2601979058961454,0.06180958255151883,0.7894849807282909,0.0010075579361284873
2.5781987078503543,1.9473205205239665,98.76186259663386,1.284219698163296,0.06317807866209402,0.6823218068207846,0.001000314345433819
2.598526954081003,0.34613523025854376,98.34428376591282,1.2345488805078488,0.05567773231400512,0.7999942053108665,0.0010000000000032908
2.5889692393341215,0.34149628253134506,99.2051871949651,1.2140472779984184,0.0564447156736214,0.7999996039366143,0.00100000000534996
2.58643920444368,1.5121858124749377,98.76643053265788,1.2501301161289031,0.06003838194298432,0.7991742984084647,0.0010000893677984384
2.565684587424072,1.0275607933333029,100.02484015123243,1.248065204274584,0.07332417493757755,0.07696442181116765,0.0010000000000053323
2.584674055629586,0.37529590507849353,99.00131770041666,1.2223280706439152,0.07304435063893834,0.07242922028528423,0.00100006832503667
2.5824679429928348,1.9922910293021334,98.55533151082719,1.2938254892109675,0.05500690015414664,0.7999998347909569,0.001000016229873706
2.793645160099988,0.06462214461907785,96.90465460804488,0.8170931356873457,0.05586065559054073,0.7999999943074493,0.0010098549385152353
2.5993334649075113,0.22194678958419137,98.58897428995164,1.215532075259381,0.06007690781490181,0.7998654410404673,0.0010001626675440552
2.5747436789939733,0.35114826692837015,99.73683384379824,1.2352594857166292,0.057135447207966386,0.7901453963776852,0.0011145674880780484
2.5917471296595016,0.30468674006238955,98.74676255220488,1.2269576472148391,0.05759155861467887,0.7999999969754125,0.0010000000000458334
2.5921321341160177,0.47121610925208174,98.43689946560968,1.2547940997701834,0.050229504913483165,0.7999933594365986,0.00100002075480036
2.5800253893978615,0.47448454578502014,99.21924844374713,1.2406899649365346,0.059672133804951455,0.7864798334249294,0.0010000014425527559
2.60719816116885,0.3077261694224966,97.0365066514064,1.258902407766385,0.05795010210521022,0.7999991718170718,0.0010590871186746257
2.6155564230826798,0.1533661432536359,99.53217791655507,1.0943108652022882,0.05693606298727503,0.7999999728561219,0.0010000000000133058
2.9292834522118683,0.05226516636504943,91.69750018617238,0.823047044576801,0.05324769475795756,0.7889511011543885,0.0010000000002110716
2.57179072380738,0.6039000875087445,99.1839330225475,1.2668011482548744,0.06633085494226124,0.7092860207795937,0.0025965459659708593
2.783548010555625,0.06862538366517955,94.86862684548913,0.9280713022632245,0.06855878062873443,0.4482488793346627,0.0010000000578756932
2.58051025059798,0.6439826916290154,98.98358486677238,1.2565152314213048,0.06153602894497157,0.7999990856817853,0.0010000041282076388
2.583873130570719,0.43004239060746846,98.93496871260758,1.262783874956258,0.059979536936663636,0.7999999999781673,0.0010022332958756137
2.5927050202743422,0.3508611073623637,98.45329794668172,1.2330903796053458,0.060673223282481405,0.7999999999894722,0.0010000000000115227
2.5740527816780667,1.8980985715248253,99.2181936780961,1.2853145340444823,0.0602955466936549,0.7999573444072515,0.0010045378417188455
2.877305278606499,0.059266008525048895,91.15563100800934,0.9232840538321794,0.056304071747646144,0.7999999998226088,0.0010004379757518628
2.686480758466976,0.10109527854698268,96.81963410287582,1.0243775171021137,0.05784249806143752,0.7999565558543773,0.001040433716832346
2.5866657758030924,0.5070172476515695,98.85639801098367,1.2343757207549662,0.057723920291552086,0.7999977677675674,0.001000000000645686
2.572927889780057,0.6429050454658739,99.59979926535371,1.2537347635229745,0.05915167271164498,0.7775293321047704,0.0010001603434160221
2.6672078152199994,0.12513007478093618,96.61320444913368,1.115179601893986,0.045072550181477364,0.7999999989416038,0.0010000463958570597
2.576400273496123,0.2844984654160059,99.85331254723488,1.2158099291741953,0.06143336737082584,0.7999990314774394,0.001000000000011408
2.5753445208619614,0.3587940110761822,99.92639243170666,1.1985249840421506,0.0638548951115135,0.7789233305203503,0.0010000000006873302
2.594079166154887,0.3222382841477785,98.38199861866772,1.2311735855865629,0.05867068375081018,0.7978076732494335,0.0010059713368977218
2.592970463137757,0.3844645527420298,98.27358747133535,1.2449912691263572,0.05913801107589499,0.7999999999974444,0.0010017608387717682
2.7803659861348957,0.07309218040652476,94.50206639975849,0.9398989666660273,0.056965492124063814,0.7999999642840462,0.001000000009035481
2.6220518201653933,0.1436619557392687,98.93427874040542,1.1020122706553626,0.06218668800638505,0.7999906364621266,0.0010111534285482066
2.5984570200475314,0.2511692936524131,98.56823275807525,1.2194612700497722,0.059119815249929326,0.7999998330725291,0.001000027939155575
2.59166234118835,0.41523512107608823,98.30873183717195,1.2612897543326278,0.058099822387199795,0.7999765066674449,0.001000427488254145
2.5810027299852525,0.43207040474824243,99.69445385499635,1.2241648526150073,0.05903197072918472,0.7999993099505447,0.0010004430898885974
2.63913452796041,0.16164007410513495,97.02845098771712,1.1667506025537446,0.05571793110493224,0.7999999910686467,0.001015289076421191
2.5843226546727953,0.3675301551563128,98.71216765306824,1.250437408807186,0.05910250399202957,0.7999999364239985,0.001000000000011969
2.7031895720857753,0.11090429425669966,95.81692719244323,1.091934193685149,0.011399347088555395,0.05082302190776253,0.0024542641853244644
2.6225689672454084,0.2685584200074516,98.0283107856211,1.2151892315117914,0.01000005383143941,0.7999941725142852,0.0036810567859596826
2.612551448731584,0.30504465148424964,97.70408644984597,1.232762793558601,0.050978137791144316,0.7999999992677853,0.0010002411279214298
2.5755817495414144,0.6453665953586443,99.20315329081826,1.2734722984649498,0.06224398374887857,0.7998910010194791,0.0010000000059115048
2.580167278000938,0.5174862694668944,99.26888557215142,1.22982418185323,0.057138338229422374,0.7998853679275547,0.0010016080415420968
2.931803398687812,0.05179808693811451,91.05064664854909,0.8465364433674682,0.06461274528006118,0.5405770753102803,0.0010000000000011061
2.584088901408724,0.2824121864846269,99.24790554263535,1.2383993641765487,0.0603380483741663,0.7999987811589896,0.001000000053727422
2.600814677234682,0.24890565922577684,98.61664269143871,1.2148982881928683,0.05233716805675953,0.7999992760483591,0.001000160195685431
2.5780762514341373,0.3850080219132774,99.90020615118998,1.2043547839726079,0.06092326352393375,0.762567413053392,0.0010000043325655143
2.7003566802684356,0.09818847387857692,96.77147427180438,1.003819869893649,0.05327024876394251,0.7999998370044441,0.0010013323367811043
2.6459151912034446,0.12350471043184988,98.25799877917389,1.093979573362192,0.05622009772005021,0.7999999993720246,0.001000000000000395
2.5828615247001396,0.4644633508385141,99.29317211067752,1.2376736693142751,0.059944366041063124,0.7999996404985733,0.0010000101240467938
2.620840164777584,0.2009542478094347,97.06238073929572,1.2185960899202601,0.05852321708567955,0.7999971525801892,0.0010007239402189249
2.5751217286779955,0.5005184582227213,99.72804246243872,1.2304589029191972,0.05993457441391409,0.799998801796123,0.0010094919616296114
2.5900589176732076,0.3830967994612667,98.48749069456558,1.2500901932901223,0.06012856674605618,0.7999973777533441,0.001000158222417996
2.857551847995081,0.05903382289607915,92.6281516740978,0.900218885387563,0.06204127199252083,0.6918535778826048,0.0010004623955526513
2.633950361632264,0.14026161319185398,98.08762562879336,1.132008217717339,0.06295339759046954,0.7970412964516391,0.001000000000099319
2.571376685346096,0.5131314369537554,100.46041181606284,1.2171837437772537,0.05733195590969201,0.7999999996672026,0.00100128487429323
2.586254819207608,0.37405797178593336,98.80682070627861,1.2470646916516648,0.05923217303533675,0.7999921987022933,0.0010000029721220216
2.8762438279042257,0.05527578161060885,93.84028036444262,0.8190443627838568,0.050390806979784694,0.7999487004551804,0.0010000000008970249
2.8691186244075566,0.05871683878774436,92.11247741434246,0.9069773192853505,0.05770091050696932,0.7822821131679343,0.0010000633290582616
2.6015970466381733,0.305085126583681,97.99817426272418,1.24267786013152,0.05677837701214222,0.799999999948351,0.0010000000007678782
2.5902438876093665,0.2751249792648712,99.2813987376905,1.2033198335049684,0.05909916223196065,0.7997012313733955,0.0010000011299021133
2.7960145851873373,0.06782202734229896,95.3408268147072,0.8789333477118637,0.05342726886231614,0.7999999885158587,0.0010133802406064735
2.5768836320622244,0.7794771221022376,99.2748026086614,1.264807894117099,0.06159732531359639,0.7999993442008095,0.001000000000003055
2.5735345462455603,0.3453716746989726,100.44641773271694,1.1835000785074798,0.06175916377645824,0.7999999973475376,0.001000447454348313
